Best sum rate: 3.316151234681593
Best parameters:
gamma: 0.9700000000000001
eps_clip: 0.45000000000000007
K_epochs: 3
lr_actor: 0.0027922641423454844
lr_critic: 0.0031079305445819946
action_std_init: 0.1
buffer_size: 4000
