Best sum rate: 6.663296289443635
Best parameters:
lr_a: 0.008887665084684753
lr_c: 0.0022838084135613315
tau: 0.01284504520150508
gamma: 0.8600000000000001
batch_size: 96
memory_capacity: 5000
